work/Ray/GEBCO2014_-45.0_-26.0_-42.0_-24.0_30Sec_ESRIASCII.asc
ncols        360
nrows        240
xllcorner    -45.000000000000
yllcorner    -26.000000000000
cellsize     0.008333333333
NODATA_value -32768
[rows 175 to 209 of 240, columns 78 to 155 of 360]
-2000 -1995 -1989 -1986 -1991 -2005 -2019 -2014 -2012 -2010 -2002 -1994 -1983 -1973 -1978 -1984 -1975 -1908 -1930 -1944 -1976 -1960 -1962 -1965 -1961 -1953 -1983 -1995 -2007 -1993 -1973 -1959 -1974 -1988 -1992 -1997 -2000 -2005 -2010 -2016 -2022 -2032 -2042 -2053 -2063 -2076 -2083 -2091 -2093 -2096 -2094 -2091 -2085 -2078 -2071 -2063 -2056 -2052 -2055 -2064 -2075 -2092 -2106 -2115 -2119 -2130 -2138 -2144 -2148 -2154 -2159 -2166 -2175 -2182 -2188 -2196 -2200 -2201
-2010 -2006 -2004 -2003 -2005 -2018 -2032 -2027 -2033 -2038 -2033 -2024 -2016 -2009 -2007 -2006 -1996 -1980 -1979 -1965 -1955 -1923 -1946 -1965 -1957 -1949 -1977 -1995 -1998 -1987 -1973 -1969 -1976 -1982 -1994 -2000 -2004 -2008 -2012 -2017 -2024 -2033 -2042 -2052 -2064 -2078 -2085 -2093 -2097 -2101 -2100 -2099 -2094 -2090 -2083 -2077 -2069 -2065 -2062 -2065 -2076 -2090 -2102 -2112 -2119 -2128 -2134 -2138 -2140 -2147 -2151 -2159 -2167 -2176 -2187 -2197 -2200 -2199
-2019 -2017 -2016 -2017 -2021 -2025 -2031 -2036 -2050 -2059 -2059 -2052 -2045 -2039 -2032 -2021 -1994 -1960 -2010 -2004 -1979 -1928 -1954 -1984 -1928 -1945 -1973 -1981 -1984 -1983 -1981 -1983 -1992 -1994 -2001 -2005 -2008 -2011 -2013 -2018 -2025 -2033 -2043 -2053 -2065 -2076 -2085 -2092 -2098 -2103 -2104 -2104 -2102 -2099 -2093 -2089 -2083 -2080 -2077 -2077 -2086 -2095 -2100 -2107 -2116 -2123 -2129 -2134 -2133 -2141 -2148 -2154 -2161 -2171 -2182 -2193 -2196 -2197
-2034 -2030 -2027 -2030 -2031 -2034 -2043 -2050 -2061 -2070 -2075 -2072 -2068 -2066 -2063 -2048 -2007 -1942 -2025 -2040 -2041 -2007 -1967 -1938 -1917 -1939 -1957 -1967 -1975 -1982 -1986 -1992 -2000 -2003 -2007 -2009 -2012 -2014 -2013 -2017 -2023 -2033 -2043 -2054 -2065 -2075 -2085 -2094 -2099 -2105 -2108 -2110 -2109 -2107 -2103 -2101 -2096 -2093 -2092 -2091 -2095 -2098 -2099 -2102 -2110 -2116 -2119 -2123 -2127 -2135 -2143 -2149 -2157 -2165 -2175 -2183 -2190 -2193
-2047 -2045 -2044 -2044 -2044 -2048 -2058 -2063 -2071 -2076 -2083 -2083 -2083 -2086 -2084 -2086 -2081 -1961 -2012 -2058 -2072 -2083 -2004 -1928 -1936 -1923 -1944 -1961 -1986 -1987 -1989 -1996 -2007 -2009 -2012 -2013 -2015 -2015 -2012 -2014 -2021 -2033 -2044 -2053 -2064 -2075 -2085 -2094 -2102 -2109 -2113 -2116 -2116 -2116 -2114 -2112 -2108 -2105 -2103 -2102 -2103 -2103 -2104 -2104 -2107 -2110 -2112 -2117 -2123 -2131 -2138 -2145 -2151 -2160 -2168 -2176 -2182 -2188
-2064 -2062 -2061 -2061 -2061 -2065 -2071 -2075 -2078 -2081 -2086 -2087 -2089 -2090 -2089 -2102 -2098 -2036 -2064 -2097 -2098 -2093 -2051 -2038 -1980 -1962 -1959 -1970 -1984 -1987 -1987 -1995 -2006 -2010 -2014 -2016 -2015 -2014 -2012 -2012 -2023 -2035 -2045 -2055 -2065 -2075 -2085 -2095 -2103 -2110 -2115 -2119 -2120 -2121 -2120 -2118 -2115 -2113 -2111 -2110 -2109 -2109 -2108 -2108 -2108 -2106 -2108 -2113 -2119 -2127 -2134 -2139 -2145 -2153 -2161 -2169 -2175 -2181
-2087 -2086 -2084 -2081 -2080 -2083 -2087 -2087 -2087 -2089 -2091 -2092 -2093 -2096 -2092 -2104 -2102 -2098 -2105 -2124 -2113 -2107 -2078 -2095 -2050 -2020 -2003 -1989 -1988 -1987 -1978 -1991 -2003 -2011 -2016 -2018 -2018 -2016 -2012 -2017 -2027 -2039 -2050 -2058 -2068 -2076 -2086 -2095 -2103 -2111 -2117 -2122 -2125 -2126 -2125 -2124 -2121 -2121 -2118 -2115 -2113 -2112 -2112 -2112 -2111 -2108 -2108 -2109 -2114 -2120 -2127 -2132 -2138 -2145 -2153 -2160 -2165 -2171
-2093 -2101 -2105 -2103 -2101 -2102 -2100 -2099 -2100 -2100 -2102 -2100 -2099 -2100 -2101 -2105 -2102 -2104 -2115 -2112 -2109 -2106 -2098 -2105 -2091 -2086 -2057 -2037 -2012 -1994 -1972 -1990 -2005 -2015 -2019 -2022 -2021 -2020 -2018 -2024 -2031 -2043 -2054 -2061 -2070 -2079 -2086 -2095 -2103 -2110 -2117 -2123 -2125 -2127 -2127 -2127 -2126 -2124 -2120 -2117 -2116 -2115 -2114 -2113 -2111 -2109 -2109 -2109 -2111 -2113 -2118 -2125 -2131 -2137 -2144 -2152 -2156 -2163
-2080 -2096 -2109 -2118 -2120 -2118 -2116 -2114 -2113 -2113 -2115 -2112 -2110 -2108 -2111 -2109 -2109 -2111 -2103 -2111 -2110 -2108 -2105 -2100 -2095 -2099 -2089 -2074 -2051 -2015 -1986 -2002 -2016 -2024 -2028 -2028 -2027 -2027 -2026 -2030 -2036 -2046 -2055 -2063 -2072 -2081 -2088 -2095 -2103 -2110 -2116 -2121 -2126 -2126 -2127 -2127 -2126 -2124 -2121 -2119 -2117 -2116 -2115 -2112 -2111 -2110 -2108 -2108 -2108 -2107 -2110 -2117 -2123 -2129 -2135 -2142 -2146 -2152
-2062 -2079 -2096 -2111 -2122 -2127 -2130 -2131 -2129 -2128 -2127 -2125 -2125 -2123 -2122 -2119 -2119 -2117 -2116 -2120 -2115 -2113 -2111 -2105 -2098 -2098 -2104 -2099 -2094 -2064 -2042 -2032 -2035 -2040 -2039 -2038 -2035 -2032 -2032 -2035 -2039 -2048 -2055 -2063 -2073 -2082 -2089 -2095 -2102 -2109 -2115 -2122 -2125 -2128 -2128 -2128 -2126 -2124 -2122 -2118 -2115 -2115 -2112 -2112 -2111 -2109 -2108 -2105 -2104 -2103 -2105 -2110 -2114 -2120 -2126 -2133 -2137 -2143
-2047 -2064 -2081 -2096 -2110 -2122 -2135 -2143 -2146 -2143 -2143 -2141 -2140 -2138 -2134 -2133 -2129 -2128 -2125 -2125 -2120 -2118 -2116 -2115 -2109 -2108 -2107 -2105 -2108 -2096 -2080 -2071 -2068 -2057 -2051 -2047 -2042 -2038 -2035 -2037 -2040 -2049 -2056 -2063 -2074 -2082 -2090 -2095 -2103 -2110 -2117 -2122 -2126 -2129 -2129 -2129 -2127 -2124 -2121 -2118 -2115 -2113 -2112 -2111 -2110 -2108 -2107 -2104 -2102 -2101 -2102 -2105 -2109 -2113 -2117 -2123 -2128 -2133
-2041 -2052 -2067 -2079 -2091 -2107 -2123 -2136 -2141 -2141 -2147 -2150 -2152 -2153 -2150 -2146 -2141 -2138 -2137 -2131 -2128 -2127 -2121 -2119 -2116 -2113 -2109 -2104 -2103 -2094 -2088 -2086 -2078 -2066 -2059 -2056 -2052 -2044 -2041 -2041 -2045 -2053 -2061 -2068 -2077 -2085 -2092 -2099 -2107 -2114 -2119 -2123 -2127 -2129 -2130 -2129 -2127 -2124 -2121 -2118 -2115 -2112 -2110 -2108 -2107 -2105 -2103 -2101 -2099 -2100 -2101 -2102 -2105 -2107 -2109 -2114 -2119 -2123
-2026 -2031 -2042 -2049 -2066 -2089 -2105 -2114 -2120 -2124 -2131 -2140 -2147 -2153 -2158 -2158 -2155 -2151 -2148 -2143 -2139 -2135 -2131 -2128 -2122 -2116 -2115 -2110 -2110 -2100 -2095 -2084 -2077 -2068 -2064 -2060 -2055 -2047 -2042 -2044 -2049 -2059 -2067 -2073 -2082 -2089 -2096 -2102 -2111 -2119 -2123 -2126 -2129 -2131 -2131 -2130 -2127 -2124 -2119 -2117 -2115 -2111 -2109 -2108 -2106 -2103 -2100 -2099 -2097 -2098 -2099 -2100 -2101 -2103 -2103 -2107 -2112 -2116
-2028 -2035 -2042 -2040 -2043 -2067 -2085 -2089 -2093 -2099 -2106 -2115 -2123 -2133 -2144 -2150 -2154 -2160 -2161 -2158 -2154 -2147 -2141 -2137 -2132 -2127 -2124 -2114 -2110 -2103 -2097 -2090 -2081 -2074 -2068 -2063 -2055 -2048 -2045 -2048 -2058 -2067 -2073 -2081 -2088 -2096 -2102 -2107 -2114 -2122 -2126 -2130 -2131 -2131 -2131 -2131 -2127 -2125 -2121 -2119 -2115 -2113 -2109 -2106 -2104 -2101 -2100 -2097 -2096 -2096 -2096 -2097 -2098 -2099 -2100 -2103 -2106 -2111
-2050 -2030 -2041 -2056 -2059 -2068 -2073 -2063 -2064 -2069 -2077 -2088 -2098 -2108 -2117 -2122 -2120 -2123 -2142 -2162 -2169 -2163 -2156 -2149 -2142 -2137 -2131 -2124 -2118 -2110 -2103 -2094 -2086 -2080 -2075 -2070 -2062 -2055 -2052 -2055 -2064 -2072 -2080 -2091 -2097 -2103 -2108 -2113 -2119 -2125 -2129 -2132 -2133 -2133 -2133 -2132 -2129 -2126 -2123 -2119 -2117 -2113 -2110 -2107 -2105 -2102 -2098 -2097 -2094 -2094 -2095 -2094 -2095 -2095 -2096 -2097 -2101 -2103
-2008 -1989 -2004 -2027 -2039 -2041 -2030 -2024 -2030 -2038 -2048 -2061 -2073 -2085 -2094 -2098 -2092 -2092 -2119 -2156 -2167 -2162 -2158 -2162 -2155 -2149 -2142 -2133 -2128 -2119 -2110 -2102 -2092 -2085 -2080 -2077 -2071 -2063 -2058 -2059 -2065 -2072 -2085 -2098 -2106 -2111 -2114 -2117 -2122 -2127 -2130 -2133 -2134 -2135 -2135 -2135 -2133 -2129 -2126 -2122 -2119 -2115 -2110 -2107 -2103 -2102 -2099 -2097 -2096 -2095 -2093 -2093 -2092 -2091 -2092 -2093 -2095 -2096
-2006 -1998 -1999 -1999 -2002 -1998 -1987 -1990 -1997 -2007 -2020 -2035 -2051 -2065 -2076 -2082 -2084 -2095 -2128 -2152 -2159 -2154 -2155 -2163 -2160 -2156 -2152 -2146 -2139 -2128 -2120 -2113 -2104 -2096 -2088 -2085 -2078 -2070 -2064 -2068 -2073 -2078 -2090 -2103 -2111 -2117 -2118 -2119 -2125 -2128 -2131 -2134 -2134 -2136 -2138 -2136 -2134 -2132 -2128 -2125 -2121 -2117 -2113 -2109 -2107 -2105 -2101 -2099 -2096 -2095 -2093 -2092 -2091 -2090 -2091 -2091 -2092 -2092
-2022 -2017 -2011 -2005 -1995 -1991 -1985 -1979 -1975 -1978 -1990 -2009 -2030 -2049 -2062 -2070 -2072 -2089 -2126 -2155 -2160 -2162 -2160 -2162 -2159 -2158 -2158 -2157 -2151 -2141 -2133 -2125 -2116 -2108 -2102 -2094 -2086 -2078 -2071 -2077 -2085 -2088 -2099 -2111 -2115 -2117 -2118 -2119 -2123 -2128 -2131 -2133 -2136 -2137 -2138 -2138 -2136 -2135 -2131 -2128 -2123 -2120 -2115 -2113 -2108 -2106 -2105 -2102 -2098 -2097 -2093 -2093 -2091 -2089 -2090 -2089 -2090 -2091
-2037 -2029 -2022 -2015 -2005 -1998 -1992 -1982 -1971 -1962 -1965 -1985 -2011 -2034 -2051 -2058 -2053 -2079 -2119 -2147 -2157 -2161 -2159 -2159 -2157 -2156 -2157 -2156 -2153 -2147 -2142 -2137 -2129 -2122 -2114 -2106 -2099 -2091 -2086 -2093 -2099 -2095 -2108 -2118 -2119 -2119 -2118 -2119 -2120 -2126 -2130 -2133 -2138 -2140 -2139 -2137 -2136 -2135 -2134 -2131 -2127 -2122 -2119 -2116 -2112 -2110 -2107 -2105 -2103 -2099 -2097 -2095 -2094 -2092 -2091 -2090 -2091 -2091
-2048 -2042 -2034 -2024 -2014 -2006 -1997 -1987 -1977 -1967 -1963 -1974 -1997 -2023 -2044 -2056 -2029 -2066 -2122 -2150 -2157 -2159 -2157 -2156 -2154 -2152 -2151 -2149 -2147 -2144 -2142 -2142 -2140 -2135 -2128 -2120 -2113 -2104 -2100 -2107 -2110 -2111 -2122 -2129 -2125 -2124 -2122 -2122 -2121 -2124 -2125 -2130 -2135 -2139 -2141 -2140 -2137 -2135 -2137 -2134 -2130 -2126 -2122 -2119 -2117 -2115 -2112 -2109 -2106 -2103 -2100 -2098 -2096 -2093 -2093 -2091 -2091 -2093
-2053 -2051 -2044 -2035 -2025 -2014 -2001 -1990 -1983 -1981 -1980 -1986 -1994 -2018 -2040 -2057 -2040 -2054 -2122 -2158 -2158 -2158 -2153 -2152 -2147 -2146 -2144 -2141 -2140 -2137 -2137 -2139 -2140 -2141 -2138 -2134 -2128 -2121 -2120 -2124 -2125 -2130 -2136 -2140 -2134 -2131 -2127 -2129 -2125 -2124 -2123 -2125 -2130 -2136 -2138 -2142 -2140 -2139 -2142 -2139 -2133 -2128 -2123 -2122 -2121 -2120 -2117 -2113 -2109 -2106 -2103 -2102 -2098 -2095 -2095 -2092 -2092 -2094
-2055 -2057 -2056 -2055 -2046 -2036 -2019 -2004 -1999 -1996 -1995 -1996 -1985 -1998 -2017 -2031 -2039 -2056 -2109 -2143 -2145 -2145 -2142 -2141 -2138 -2136 -2134 -2132 -2130 -2131 -2132 -2133 -2134 -2138 -2141 -2141 -2140 -2140 -2141 -2137 -2140 -2148 -2151 -2149 -2141 -2138 -2135 -2133 -2131 -2128 -2128 -2130 -2131 -2133 -2135 -2139 -2140 -2139 -2141 -2139 -2133 -2130 -2127 -2127 -2127 -2127 -2124 -2119 -2115 -2112 -2109 -2107 -2104 -2100 -2098 -2096 -2097 -2096
-2052 -2054 -2059 -2055 -2042 -2038 -2028 -2012 -1998 -1997 -1982 -1990 -1988 -1998 -2008 -2021 -2041 -2066 -2097 -2118 -2124 -2126 -2125 -2125 -2124 -2123 -2122 -2121 -2120 -2122 -2123 -2127 -2129 -2133 -2137 -2141 -2145 -2150 -2152 -2149 -2156 -2166 -2166 -2161 -2153 -2149 -2147 -2144 -2140 -2136 -2134 -2137 -2135 -2136 -2137 -2137 -2137 -2136 -2134 -2132 -2128 -2129 -2129 -2130 -2135 -2137 -2132 -2127 -2124 -2120 -2116 -2113 -2110 -2107 -2104 -2101 -2101 -2100
-2043 -2044 -2047 -2031 -2019 -2024 -2024 -2020 -2008 -2003 -1992 -1999 -2008 -2019 -2020 -2028 -2053 -2081 -2097 -2102 -2103 -2106 -2108 -2109 -2111 -2111 -2111 -2110 -2111 -2112 -2114 -2120 -2123 -2128 -2134 -2139 -2144 -2150 -2154 -2158 -2168 -2175 -2177 -2175 -2166 -2161 -2158 -2156 -2152 -2148 -2147 -2147 -2145 -2142 -2141 -2141 -2138 -2136 -2132 -2129 -2125 -2124 -2126 -2129 -2134 -2137 -2134 -2134 -2132 -2127 -2124 -2121 -2117 -2113 -2110 -2107 -2105 -2104
-2033 -2041 -2038 -2023 -2025 -2035 -2042 -2047 -2046 -2042 -2032 -2027 -2024 -2023 -2030 -2044 -2067 -2089 -2091 -2083 -2079 -2084 -2090 -2094 -2098 -2100 -2100 -2102 -2103 -2105 -2108 -2113 -2117 -2124 -2130 -2135 -2141 -2147 -2154 -2159 -2165 -2171 -2176 -2177 -2173 -2170 -2169 -2169 -2166 -2163 -2160 -2158 -2155 -2152 -2149 -2146 -2141 -2138 -2133 -2129 -2125 -2124 -2125 -2127 -2128 -2131 -2133 -2135 -2135 -2134 -2133 -2129 -2125 -2119 -2114 -2112 -2110 -2108
-2035 -2039 -2031 -2027 -2035 -2046 -2052 -2059 -2064 -2062 -2056 -2048 -2037 -2026 -2024 -2029 -2041 -2055 -2058 -2043 -2048 -2064 -2074 -2081 -2086 -2089 -2091 -2092 -2095 -2097 -2102 -2106 -2112 -2118 -2125 -2132 -2139 -2146 -2153 -2159 -2163 -2168 -2172 -2174 -2173 -2174 -2175 -2177 -2178 -2179 -2175 -2172 -2168 -2164 -2160 -2156 -2150 -2145 -2139 -2132 -2128 -2128 -2128 -2129 -2128 -2128 -2129 -2132 -2133 -2133 -2136 -2136 -2132 -2124 -2119 -2116 -2113 -2111
-2039 -2034 -2028 -2039 -2041 -2050 -2054 -2057 -2061 -2060 -2060 -2056 -2048 -2036 -2027 -2018 -2020 -2024 -2012 -2015 -2030 -2050 -2063 -2070 -2077 -2080 -2083 -2084 -2086 -2090 -2094 -2100 -2105 -2112 -2120 -2129 -2137 -2143 -2152 -2156 -2162 -2164 -2168 -2170 -2170 -2171 -2173 -2177 -2181 -2187 -2190 -2189 -2184 -2178 -2173 -2168 -2162 -2157 -2149 -2141 -2137 -2134 -2134 -2133 -2131 -2129 -2130 -2131 -2130 -2130 -2131 -2135 -2132 -2126 -2122 -2119 -2117 -2114
-2037 -2032 -2038 -2045 -2046 -2049 -2054 -2055 -2059 -2058 -2060 -2053 -2051 -2044 -2036 -2028 -2033 -2035 -2031 -2026 -2036 -2047 -2058 -2065 -2071 -2074 -2078 -2079 -2081 -2086 -2089 -2095 -2101 -2109 -2116 -2125 -2132 -2140 -2147 -2151 -2157 -2160 -2162 -2165 -2165 -2167 -2169 -2172 -2177 -2183 -2192 -2196 -2196 -2194 -2190 -2183 -2175 -2168 -2161 -2153 -2148 -2145 -2144 -2141 -2136 -2134 -2133 -2133 -2133 -2132 -2132 -2132 -2128 -2122 -2118 -2120 -2122 -2117
-2043 -2040 -2044 -2050 -2053 -2054 -2055 -2053 -2055 -2054 -2052 -2049 -2049 -2044 -2041 -2039 -2040 -2038 -2039 -2040 -2045 -2052 -2059 -2065 -2070 -2072 -2076 -2077 -2080 -2084 -2088 -2093 -2098 -2106 -2114 -2121 -2129 -2135 -2142 -2147 -2151 -2153 -2156 -2158 -2160 -2162 -2164 -2167 -2173 -2177 -2185 -2192 -2196 -2201 -2203 -2199 -2194 -2187 -2178 -2170 -2163 -2159 -2156 -2150 -2145 -2143 -2140 -2138 -2137 -2136 -2135 -2133 -2128 -2119 -2112 -2114 -2118 -2115
-2056 -2051 -2053 -2057 -2058 -2059 -2058 -2056 -2057 -2055 -2052 -2052 -2047 -2045 -2045 -2043 -2041 -2040 -2049 -2051 -2055 -2059 -2063 -2067 -2070 -2073 -2075 -2077 -2078 -2084 -2086 -2092 -2096 -2104 -2110 -2118 -2125 -2132 -2136 -2141 -2146 -2148 -2150 -2152 -2153 -2155 -2158 -2161 -2167 -2172 -2179 -2185 -2192 -2198 -2204 -2205 -2204 -2205 -2196 -2186 -2180 -2174 -2170 -2164 -2157 -2154 -2150 -2146 -2144 -2142 -2142 -2136 -2131 -2123 -2111 -2107 -2110 -2111
-2063 -2059 -2058 -2061 -2062 -2062 -2062 -2061 -2060 -2058 -2054 -2052 -2048 -2047 -2048 -2045 -2040 -2040 -2049 -2056 -2061 -2064 -2068 -2070 -2074 -2075 -2078 -2079 -2082 -2085 -2089 -2093 -2098 -2104 -2110 -2116 -2123 -2127 -2132 -2136 -2139 -2142 -2145 -2146 -2149 -2150 -2153 -2157 -2162 -2168 -2174 -2179 -2186 -2192 -2197 -2201 -2203 -2206 -2202 -2196 -2195 -2191 -2187 -2181 -2172 -2167 -2162 -2157 -2154 -2151 -2148 -2143 -2137 -2126 -2113 -2108 -2109 -2110
-2069 -2066 -2064 -2062 -2062 -2059 -2057 -2053 -2050 -2052 -2054 -2059 -2057 -2052 -2051 -2047 -2042 -2042 -2050 -2059 -2066 -2070 -2073 -2075 -2078 -2080 -2080 -2082 -2084 -2088 -2090 -2095 -2099 -2105 -2109 -2115 -2119 -2125 -2128 -2132 -2133 -2137 -2139 -2141 -2143 -2145 -2149 -2152 -2158 -2163 -2169 -2174 -2180 -2186 -2191 -2195 -2198 -2199 -2198 -2197 -2199 -2198 -2196 -2193 -2189 -2184 -2177 -2171 -2167 -2164 -2161 -2155 -2145 -2132 -2117 -2111 -2111 -2111
-2076 -2071 -2068 -2063 -2059 -2051 -2044 -2037 -2036 -2041 -2045 -2055 -2058 -2053 -2053 -2051 -2049 -2048 -2054 -2066 -2072 -2077 -2079 -2081 -2082 -2084 -2085 -2086 -2087 -2090 -2092 -2096 -2100 -2105 -2110 -2114 -2118 -2122 -2126 -2127 -2129 -2132 -2135 -2135 -2138 -2140 -2144 -2148 -2152 -2157 -2164 -2170 -2176 -2181 -2185 -2189 -2192 -2195 -2194 -2194 -2194 -2195 -2195 -2195 -2197 -2196 -2193 -2190 -2184 -2180 -2176 -2168 -2156 -2142 -2127 -2118 -2117 -2115
-2082 -2075 -2068 -2060 -2052 -2043 -2032 -2028 -2029 -2034 -2036 -2042 -2049 -2050 -2052 -2054 -2057 -2059 -2067 -2075 -2080 -2084 -2086 -2087 -2089 -2089 -2092 -2093 -2093 -2095 -2097 -2101 -2103 -2107 -2112 -2115 -2119 -2123 -2125 -2127 -2127 -2131 -2132 -2132 -2135 -2136 -2141 -2144 -2149 -2154 -2161 -2166 -2171 -2176 -2180 -2184 -2187 -2189 -2190 -2190 -2190 -2191 -2192 -2193 -2194 -2195 -2199 -2201 -2203 -2202 -2195 -2185 -2170 -2155 -2139 -2132 -2129 -2124
-2084 -2077 -2067 -2057 -2045 -2035 -2026 -2022 -2025 -2029 -2034 -2038 -2045 -2050 -2054 -2059 -2063 -2068 -2076 -2083 -2086 -2090 -2092 -2093 -2095 -2096 -2099 -2100 -2101 -2103 -2104 -2106 -2109 -2112 -2115 -2119 -2120 -2124 -2126 -2127 -2128 -2129 -2131 -2132 -2132 -2135 -2138 -2142 -2146 -2152 -2156 -2161 -2166 -2172 -2176 -2180 -2182 -2185 -2186 -2186 -2187 -2186 -2187 -2188 -2189 -2191 -2194 -2197 -2204 -2205 -2198 -2193 -2186 -2173 -2154 -2144 -2141 -2137
