work/Ray/GEBCO2014_-45.0_-26.0_-42.0_-24.0_30Sec_ESRIASCII.asc
ncols        360
nrows        240
xllcorner    -45.000000000000
yllcorner    -26.000000000000
cellsize     0.008333333333
NODATA_value -32768
[rows 70 to 104 of 240, columns 0 to 77 of 360]
-126 -128 -126 -124 -119 -114 -108 -103 -102 -101 -106 -111 -118 -126 -129 -133 -136 -133 -132 -135 -138 -139 -140 -142 -144 -144 -144 -146 -148 -147 -145 -144 -143 -143 -145 -148 -150 -151 -152 -152 -151 -152 -160 -167 -170 -171 -169 -167 -167 -170 -175 -184 -195 -206 -220 -224 -229 -232 -240 -248 -261 -273 -284 -298 -308 -320 -331 -341 -352 -361 -380 -396 -418 -437 -455 -464 -466 -469
-121 -123 -122 -121 -118 -115 -112 -109 -108 -109 -113 -118 -124 -129 -131 -134 -135 -134 -133 -136 -138 -140 -141 -142 -143 -144 -144 -145 -146 -145 -144 -143 -143 -143 -145 -147 -148 -150 -150 -150 -150 -152 -157 -162 -165 -166 -165 -165 -166 -169 -174 -182 -192 -200 -208 -216 -224 -231 -240 -252 -265 -277 -291 -304 -316 -328 -339 -350 -362 -374 -397 -418 -437 -455 -469 -479 -484 -487
-116 -118 -119 -119 -117 -115 -114 -113 -114 -115 -120 -125 -129 -132 -132 -133 -133 -132 -133 -137 -140 -141 -141 -142 -143 -144 -143 -143 -143 -143 -143 -142 -143 -144 -145 -146 -148 -149 -149 -149 -150 -151 -155 -159 -161 -161 -162 -163 -164 -167 -171 -179 -188 -193 -195 -207 -217 -229 -239 -253 -267 -281 -296 -310 -324 -336 -348 -359 -374 -393 -418 -441 -456 -473 -484 -496 -501 -502
-112 -114 -116 -117 -117 -116 -117 -117 -118 -121 -124 -128 -131 -133 -132 -132 -132 -132 -135 -138 -140 -141 -142 -142 -143 -146 -144 -143 -143 -143 -142 -142 -143 -144 -146 -147 -148 -149 -150 -150 -151 -152 -154 -157 -158 -159 -159 -161 -162 -166 -170 -176 -183 -191 -194 -206 -218 -230 -243 -257 -272 -286 -301 -317 -331 -345 -358 -370 -385 -408 -435 -453 -468 -482 -493 -503 -509 -512
-109 -111 -114 -115 -116 -117 -119 -120 -122 -125 -128 -131 -132 -132 -132 -131 -132 -135 -136 -139 -141 -142 -142 -143 -144 -145 -144 -143 -143 -142 -142 -143 -144 -145 -147 -148 -149 -150 -150 -151 -151 -152 -153 -155 -156 -156 -157 -158 -161 -164 -168 -173 -178 -194 -198 -209 -221 -233 -246 -261 -276 -291 -307 -323 -339 -354 -368 -382 -399 -419 -443 -462 -477 -491 -502 -512 -518 -521
-107 -109 -112 -115 -117 -119 -121 -123 -125 -128 -130 -132 -132 -131 -130 -130 -131 -134 -137 -140 -143 -143 -143 -144 -145 -145 -144 -143 -142 -142 -142 -143 -144 -146 -148 -150 -150 -150 -151 -152 -152 -152 -153 -154 -155 -155 -154 -157 -159 -165 -168 -174 -176 -194 -206 -216 -225 -238 -249 -266 -282 -296 -314 -331 -348 -365 -380 -394 -411 -428 -450 -472 -486 -501 -510 -521 -526 -528
-107 -109 -113 -117 -119 -121 -122 -125 -126 -128 -129 -130 -130 -130 -130 -129 -130 -133 -138 -141 -145 -143 -143 -143 -144 -143 -142 -142 -142 -142 -143 -144 -145 -147 -150 -152 -152 -152 -153 -154 -155 -154 -155 -155 -155 -156 -156 -159 -163 -173 -183 -186 -188 -204 -218 -227 -235 -247 -258 -275 -290 -304 -322 -340 -359 -378 -395 -413 -427 -443 -459 -476 -488 -502 -511 -521 -527 -529
-109 -112 -116 -119 -122 -124 -124 -124 -126 -127 -128 -130 -131 -131 -132 -131 -132 -133 -137 -140 -144 -142 -141 -141 -141 -140 -139 -139 -140 -141 -143 -144 -146 -149 -151 -153 -154 -155 -156 -157 -158 -159 -158 -156 -156 -156 -158 -164 -171 -183 -194 -201 -206 -217 -229 -239 -248 -259 -271 -286 -301 -316 -333 -349 -368 -384 -408 -429 -441 -453 -464 -476 -487 -497 -506 -515 -521 -525
-112 -115 -119 -122 -125 -128 -125 -123 -125 -126 -128 -130 -132 -133 -134 -135 -134 -135 -137 -138 -140 -139 -138 -137 -137 -136 -136 -137 -137 -140 -142 -144 -147 -150 -152 -154 -156 -158 -159 -161 -161 -163 -160 -158 -156 -156 -160 -168 -179 -192 -206 -213 -220 -230 -241 -251 -261 -273 -285 -300 -314 -329 -344 -358 -380 -396 -421 -448 -453 -460 -466 -475 -483 -492 -500 -508 -516 -522
-115 -118 -121 -122 -124 -125 -124 -124 -125 -126 -129 -131 -133 -135 -137 -138 -138 -136 -136 -136 -136 -135 -134 -134 -133 -133 -134 -135 -137 -139 -142 -144 -147 -149 -151 -154 -156 -158 -159 -160 -160 -161 -157 -155 -154 -157 -163 -173 -185 -198 -211 -221 -231 -242 -254 -264 -275 -287 -299 -312 -325 -341 -357 -371 -390 -407 -426 -445 -452 -458 -463 -469 -477 -485 -493 -502 -510 -518
-118 -121 -124 -124 -123 -123 -123 -123 -125 -127 -130 -133 -135 -138 -139 -141 -136 -135 -134 -133 -133 -132 -131 -130 -130 -130 -131 -133 -135 -139 -141 -144 -146 -148 -151 -154 -157 -158 -158 -158 -156 -153 -151 -149 -151 -154 -163 -177 -192 -204 -217 -230 -242 -254 -267 -277 -288 -300 -312 -325 -338 -354 -370 -383 -400 -416 -431 -444 -450 -454 -458 -463 -469 -476 -486 -495 -505 -516
-120 -123 -124 -124 -123 -122 -122 -122 -124 -126 -130 -134 -137 -140 -140 -141 -136 -134 -132 -131 -130 -129 -128 -127 -126 -127 -128 -131 -134 -138 -142 -144 -146 -147 -151 -154 -157 -158 -157 -156 -150 -145 -143 -142 -146 -150 -161 -179 -198 -210 -223 -238 -253 -266 -279 -289 -300 -311 -324 -336 -350 -365 -376 -390 -412 -426 -437 -446 -448 -449 -452 -455 -461 -467 -479 -490 -502 -516
-120 -122 -122 -122 -121 -121 -122 -123 -125 -127 -131 -135 -137 -139 -139 -138 -135 -133 -131 -130 -129 -128 -127 -127 -126 -127 -128 -131 -134 -139 -143 -145 -148 -148 -152 -153 -154 -153 -151 -147 -143 -138 -138 -137 -144 -150 -162 -180 -197 -214 -229 -246 -264 -276 -288 -299 -309 -319 -330 -345 -359 -371 -382 -400 -428 -441 -443 -446 -446 -444 -447 -449 -457 -463 -477 -489 -505 -520
-121 -121 -121 -121 -122 -122 -124 -125 -128 -131 -134 -137 -138 -138 -138 -136 -134 -132 -131 -130 -129 -129 -128 -129 -129 -131 -133 -136 -138 -143 -147 -149 -154 -156 -158 -158 -156 -153 -149 -144 -140 -137 -139 -142 -151 -159 -170 -186 -202 -220 -237 -254 -271 -284 -296 -307 -317 -328 -340 -356 -371 -384 -394 -404 -426 -438 -443 -445 -446 -445 -448 -451 -459 -468 -481 -495 -511 -527
-121 -120 -121 -121 -123 -124 -126 -128 -131 -134 -137 -139 -139 -139 -137 -135 -132 -131 -130 -130 -130 -130 -130 -132 -133 -136 -138 -141 -144 -148 -155 -160 -163 -166 -165 -164 -160 -154 -149 -142 -139 -136 -142 -148 -160 -168 -177 -193 -208 -227 -245 -262 -279 -292 -304 -315 -325 -337 -350 -368 -386 -402 -411 -420 -431 -439 -444 -446 -448 -448 -452 -454 -464 -473 -488 -502 -519 -536
-122 -122 -122 -123 -125 -127 -130 -132 -135 -138 -140 -141 -141 -140 -138 -135 -132 -131 -131 -131 -132 -132 -133 -135 -138 -141 -145 -148 -152 -157 -163 -169 -172 -173 -172 -169 -164 -158 -152 -146 -143 -142 -148 -158 -172 -179 -189 -202 -218 -235 -253 -270 -286 -299 -311 -323 -334 -348 -363 -383 -402 -420 -429 -435 -441 -445 -449 -452 -455 -457 -461 -466 -475 -485 -499 -514 -530 -543
-122 -123 -124 -125 -128 -131 -133 -136 -139 -142 -143 -144 -143 -141 -139 -137 -132 -132 -132 -133 -133 -134 -136 -139 -142 -145 -149 -154 -160 -165 -172 -178 -181 -182 -179 -175 -169 -162 -155 -149 -146 -146 -153 -162 -176 -187 -197 -210 -226 -243 -261 -279 -295 -307 -319 -330 -343 -359 -377 -398 -420 -441 -447 -450 -452 -453 -455 -458 -463 -468 -472 -476 -485 -497 -512 -528 -543 -552
-124 -123 -125 -127 -131 -134 -136 -138 -142 -146 -147 -147 -145 -143 -140 -137 -133 -134 -134 -134 -134 -136 -138 -141 -144 -147 -151 -158 -167 -172 -179 -189 -190 -192 -186 -183 -174 -166 -158 -149 -147 -147 -155 -164 -179 -193 -203 -217 -232 -251 -270 -288 -305 -316 -327 -338 -350 -369 -390 -411 -435 -459 -463 -466 -465 -463 -464 -465 -473 -479 -482 -485 -496 -507 -524 -541 -559 -563
-126 -125 -126 -130 -134 -137 -138 -140 -144 -148 -148 -149 -147 -145 -141 -138 -137 -137 -137 -135 -135 -136 -139 -143 -145 -147 -151 -159 -168 -173 -180 -191 -191 -193 -187 -184 -175 -169 -160 -153 -152 -153 -162 -170 -185 -197 -210 -225 -241 -259 -278 -296 -314 -324 -335 -346 -360 -379 -399 -422 -445 -466 -474 -478 -478 -477 -476 -475 -486 -493 -495 -498 -509 -522 -539 -557 -573 -570
-128 -127 -127 -133 -135 -137 -138 -140 -143 -146 -147 -147 -146 -143 -140 -139 -140 -138 -137 -136 -135 -135 -137 -140 -142 -145 -149 -155 -162 -168 -174 -181 -183 -184 -182 -179 -174 -169 -164 -160 -159 -164 -172 -182 -194 -207 -220 -234 -250 -267 -285 -302 -318 -331 -343 -355 -370 -389 -408 -431 -453 -472 -484 -491 -493 -494 -493 -494 -499 -503 -506 -513 -524 -537 -552 -566 -574 -568
-130 -131 -129 -131 -133 -135 -137 -140 -142 -144 -146 -146 -144 -142 -138 -138 -136 -137 -136 -136 -134 -134 -135 -136 -138 -141 -145 -150 -156 -161 -167 -172 -175 -176 -175 -174 -171 -169 -167 -166 -169 -175 -183 -193 -205 -216 -229 -244 -259 -276 -292 -308 -324 -337 -350 -363 -379 -397 -417 -441 -464 -484 -497 -506 -510 -512 -511 -510 -512 -513 -516 -523 -536 -552 -565 -576 -575 -556
-131 -131 -129 -129 -131 -133 -136 -139 -141 -144 -144 -145 -144 -143 -140 -140 -135 -137 -135 -134 -132 -132 -132 -132 -133 -136 -139 -144 -149 -153 -158 -164 -166 -168 -168 -168 -168 -168 -170 -172 -178 -185 -194 -204 -216 -227 -238 -253 -267 -284 -300 -316 -331 -344 -357 -370 -385 -405 -427 -453 -477 -500 -513 -524 -528 -531 -528 -526 -526 -524 -523 -531 -547 -565 -578 -585 -564 -529
-129 -128 -128 -128 -130 -132 -135 -137 -139 -141 -141 -142 -141 -140 -141 -143 -138 -136 -134 -133 -131 -130 -129 -129 -129 -131 -133 -136 -140 -144 -148 -152 -155 -157 -159 -161 -164 -168 -174 -180 -188 -197 -207 -218 -229 -240 -251 -264 -278 -294 -310 -324 -338 -350 -362 -375 -390 -415 -440 -467 -492 -514 -529 -540 -545 -547 -545 -543 -542 -541 -541 -545 -558 -578 -583 -568 -503 -467
-126 -125 -125 -126 -128 -130 -133 -135 -137 -138 -138 -138 -137 -136 -138 -140 -136 -135 -134 -132 -130 -129 -127 -127 -126 -127 -127 -129 -130 -135 -138 -140 -144 -146 -151 -153 -160 -167 -178 -188 -199 -209 -221 -233 -243 -253 -264 -276 -288 -305 -321 -332 -342 -356 -368 -381 -393 -425 -454 -482 -508 -532 -546 -559 -562 -565 -562 -560 -559 -558 -559 -563 -568 -593 -585 -534 -403 -378
-123 -122 -123 -124 -127 -130 -131 -132 -134 -135 -136 -136 -134 -134 -136 -138 -137 -136 -135 -133 -130 -130 -128 -127 -126 -125 -124 -125 -124 -129 -132 -131 -137 -140 -146 -151 -161 -170 -184 -197 -210 -223 -235 -248 -258 -268 -279 -290 -303 -316 -330 -341 -351 -366 -381 -397 -414 -443 -473 -498 -523 -548 -561 -573 -575 -578 -576 -575 -574 -575 -575 -580 -586 -598 -552 -431 -249 -286
-121 -122 -123 -124 -126 -128 -130 -132 -133 -134 -135 -134 -131 -135 -138 -140 -141 -139 -137 -135 -133 -133 -132 -130 -129 -127 -126 -125 -125 -128 -131 -132 -138 -143 -149 -156 -166 -178 -192 -207 -221 -234 -247 -259 -270 -281 -291 -302 -314 -327 -339 -350 -362 -378 -396 -415 -437 -463 -489 -513 -536 -556 -569 -579 -584 -586 -586 -585 -584 -584 -585 -587 -590 -594 -555 -424 -275 -301
-121 -121 -122 -124 -126 -128 -129 -131 -132 -134 -135 -137 -140 -140 -141 -143 -142 -140 -139 -137 -136 -136 -136 -134 -132 -130 -128 -126 -125 -128 -131 -134 -140 -146 -153 -161 -172 -185 -201 -217 -232 -246 -259 -271 -282 -293 -302 -312 -323 -336 -347 -359 -372 -387 -409 -433 -457 -482 -508 -529 -549 -568 -580 -589 -593 -595 -595 -595 -593 -592 -591 -592 -596 -616 -616 -458 -268 -347
-121 -121 -123 -124 -126 -127 -129 -131 -132 -133 -134 -136 -139 -141 -143 -145 -143 -141 -140 -139 -139 -140 -140 -139 -136 -133 -130 -128 -125 -129 -132 -134 -144 -151 -158 -165 -178 -191 -209 -228 -243 -258 -270 -283 -293 -304 -313 -320 -332 -344 -356 -369 -380 -395 -423 -449 -476 -501 -527 -544 -563 -582 -591 -600 -602 -605 -604 -604 -601 -599 -598 -598 -608 -624 -623 -568 -509 -493
-122 -123 -125 -126 -126 -128 -130 -132 -132 -132 -133 -135 -137 -139 -141 -142 -142 -141 -141 -141 -142 -144 -145 -144 -142 -138 -135 -132 -131 -134 -137 -142 -152 -161 -167 -174 -186 -201 -219 -237 -253 -267 -279 -290 -299 -309 -318 -327 -339 -353 -366 -381 -396 -414 -440 -465 -491 -516 -539 -556 -573 -589 -599 -606 -609 -611 -611 -610 -607 -605 -604 -607 -619 -634 -646 -648 -657 -615
-124 -125 -127 -128 -128 -128 -130 -130 -131 -131 -132 -132 -135 -138 -138 -139 -140 -141 -141 -143 -145 -147 -150 -149 -148 -143 -140 -137 -135 -138 -143 -148 -161 -172 -175 -180 -193 -209 -228 -247 -262 -278 -288 -298 -305 -311 -318 -332 -346 -361 -376 -393 -410 -432 -456 -481 -507 -529 -552 -567 -582 -597 -606 -613 -616 -619 -618 -616 -613 -610 -611 -616 -630 -645 -667 -688 -705 -684
-127 -129 -129 -131 -129 -129 -129 -129 -130 -131 -131 -132 -134 -135 -136 -137 -137 -139 -142 -144 -147 -149 -152 -151 -150 -147 -144 -142 -141 -144 -147 -152 -163 -172 -180 -188 -202 -217 -236 -255 -271 -285 -295 -304 -312 -318 -328 -341 -354 -370 -385 -403 -423 -445 -470 -494 -518 -539 -559 -574 -589 -602 -611 -618 -622 -625 -624 -622 -620 -620 -624 -628 -642 -659 -681 -702 -717 -718
-128 -129 -130 -130 -129 -128 -128 -128 -129 -130 -131 -132 -133 -134 -135 -135 -136 -139 -141 -144 -146 -149 -152 -152 -151 -149 -147 -145 -146 -149 -153 -159 -167 -177 -186 -197 -211 -227 -245 -263 -278 -292 -302 -312 -321 -330 -340 -352 -365 -379 -395 -414 -434 -457 -481 -504 -527 -547 -565 -581 -595 -607 -615 -622 -626 -628 -628 -627 -625 -626 -633 -643 -657 -675 -696 -717 -735 -747
-129 -130 -128 -128 -126 -126 -127 -128 -129 -130 -131 -133 -134 -134 -135 -135 -136 -138 -140 -143 -146 -149 -152 -152 -151 -149 -148 -148 -149 -152 -157 -164 -172 -181 -192 -204 -219 -236 -254 -272 -288 -301 -311 -320 -331 -341 -352 -363 -374 -387 -402 -422 -444 -468 -492 -515 -537 -556 -574 -589 -602 -613 -622 -628 -631 -633 -633 -633 -631 -634 -643 -653 -671 -689 -713 -736 -756 -777
-130 -131 -127 -125 -123 -123 -124 -126 -128 -130 -132 -133 -134 -135 -136 -138 -135 -137 -139 -141 -145 -148 -152 -152 -152 -149 -147 -148 -151 -155 -161 -168 -177 -185 -198 -210 -228 -244 -264 -283 -298 -313 -322 -331 -342 -353 -364 -373 -383 -395 -408 -431 -453 -480 -504 -528 -548 -567 -584 -598 -611 -622 -630 -636 -638 -639 -639 -640 -640 -641 -651 -662 -683 -704 -729 -755 -781 -803
-127 -125 -121 -118 -117 -118 -121 -125 -128 -130 -131 -132 -133 -135 -135 -135 -134 -135 -136 -139 -142 -145 -148 -148 -148 -145 -143 -147 -151 -159 -168 -176 -186 -197 -210 -223 -240 -257 -275 -292 -308 -320 -332 -344 -355 -365 -374 -383 -392 -406 -422 -445 -470 -495 -519 -541 -561 -577 -593 -608 -620 -631 -639 -644 -645 -644 -644 -646 -648 -652 -664 -677 -699 -723 -749 -776 -803 -829
