work/Ray/GEBCO2014_-45.0_-26.0_-42.0_-24.0_30Sec_ESRIASCII.asc
ncols        360
nrows        240
xllcorner    -45.000000000000
yllcorner    -26.000000000000
cellsize     0.008333333333
NODATA_value -32768
[rows 140 to 174 of 240, columns 156 to 233 of 360]
-2188 -2182 -2174 -2164 -2152 -2139 -2127 -2114 -2101 -2088 -2076 -2067 -2060 -2055 -2052 -2052 -2053 -2059 -2067 -2076 -2087 -2098 -2108 -2117 -2124 -2131 -2134 -2135 -2133 -2129 -2124 -2119 -2117 -2115 -2113 -2112 -2112 -2112 -2112 -2113 -2115 -2117 -2119 -2123 -2126 -2130 -2133 -2136 -2138 -2147 -2154 -2161 -2169 -2177 -2185 -2186 -2183 -2180 -2179 -2178 -2177 -2177 -2178 -2180 -2182 -2185 -2188 -2190 -2193 -2196 -2200 -2203 -2205 -2207 -2209 -2210 -2211 -2211
-2203 -2198 -2190 -2181 -2169 -2156 -2143 -2129 -2115 -2100 -2087 -2078 -2069 -2065 -2061 -2062 -2063 -2070 -2077 -2087 -2097 -2108 -2118 -2124 -2131 -2137 -2139 -2139 -2135 -2130 -2124 -2116 -2116 -2115 -2112 -2110 -2110 -2109 -2109 -2109 -2111 -2114 -2116 -2120 -2123 -2127 -2129 -2132 -2135 -2145 -2155 -2167 -2178 -2186 -2195 -2201 -2195 -2192 -2188 -2185 -2184 -2183 -2183 -2184 -2187 -2189 -2192 -2194 -2197 -2200 -2204 -2207 -2210 -2211 -2212 -2212 -2211 -2210
-2217 -2213 -2205 -2197 -2186 -2173 -2159 -2146 -2131 -2116 -2103 -2093 -2084 -2079 -2075 -2076 -2077 -2083 -2091 -2100 -2109 -2118 -2126 -2131 -2137 -2141 -2142 -2142 -2138 -2134 -2128 -2120 -2117 -2115 -2112 -2110 -2108 -2107 -2107 -2107 -2109 -2112 -2115 -2119 -2123 -2127 -2130 -2133 -2132 -2148 -2160 -2172 -2183 -2192 -2200 -2205 -2202 -2198 -2195 -2192 -2190 -2189 -2189 -2189 -2191 -2194 -2196 -2199 -2202 -2205 -2208 -2211 -2213 -2214 -2214 -2214 -2213 -2211
-2230 -2228 -2221 -2214 -2202 -2190 -2176 -2162 -2147 -2132 -2118 -2107 -2097 -2092 -2088 -2088 -2091 -2097 -2104 -2112 -2122 -2129 -2135 -2138 -2142 -2146 -2146 -2145 -2142 -2137 -2131 -2124 -2119 -2115 -2112 -2110 -2107 -2105 -2104 -2104 -2106 -2110 -2114 -2120 -2124 -2131 -2135 -2143 -2151 -2159 -2167 -2179 -2190 -2198 -2206 -2212 -2208 -2204 -2200 -2198 -2195 -2194 -2194 -2194 -2196 -2199 -2201 -2204 -2207 -2210 -2213 -2215 -2217 -2217 -2217 -2216 -2214 -2212
-2243 -2240 -2234 -2228 -2217 -2205 -2191 -2177 -2162 -2146 -2133 -2121 -2112 -2106 -2102 -2102 -2105 -2110 -2116 -2124 -2132 -2137 -2142 -2144 -2146 -2149 -2148 -2147 -2144 -2139 -2132 -2126 -2120 -2115 -2112 -2109 -2106 -2104 -2104 -2104 -2106 -2111 -2116 -2123 -2130 -2138 -2147 -2155 -2164 -2170 -2178 -2188 -2197 -2205 -2211 -2216 -2212 -2208 -2205 -2203 -2201 -2199 -2199 -2200 -2202 -2204 -2206 -2209 -2212 -2214 -2217 -2219 -2220 -2221 -2221 -2219 -2217 -2215
-2251 -2250 -2244 -2238 -2228 -2217 -2202 -2189 -2174 -2159 -2146 -2135 -2126 -2120 -2117 -2115 -2118 -2122 -2127 -2133 -2139 -2142 -2146 -2148 -2149 -2150 -2148 -2147 -2143 -2138 -2132 -2126 -2120 -2115 -2112 -2108 -2106 -2105 -2105 -2106 -2109 -2114 -2120 -2128 -2137 -2147 -2157 -2164 -2173 -2180 -2187 -2196 -2205 -2210 -2216 -2218 -2216 -2212 -2210 -2208 -2206 -2205 -2205 -2206 -2207 -2209 -2212 -2214 -2217 -2219 -2221 -2222 -2223 -2224 -2223 -2221 -2219 -2217
-2259 -2258 -2252 -2247 -2237 -2228 -2212 -2200 -2184 -2170 -2157 -2145 -2137 -2131 -2128 -2126 -2128 -2131 -2137 -2141 -2145 -2148 -2151 -2150 -2150 -2151 -2148 -2146 -2141 -2136 -2131 -2126 -2120 -2115 -2111 -2108 -2107 -2106 -2107 -2109 -2112 -2118 -2124 -2133 -2143 -2155 -2167 -2172 -2181 -2187 -2195 -2203 -2212 -2216 -2220 -2223 -2219 -2216 -2213 -2212 -2211 -2210 -2211 -2212 -2213 -2214 -2217 -2220 -2221 -2223 -2225 -2226 -2226 -2226 -2226 -2224 -2222 -2219
-2260 -2258 -2253 -2248 -2239 -2230 -2216 -2204 -2190 -2176 -2163 -2153 -2145 -2139 -2135 -2135 -2136 -2138 -2142 -2145 -2147 -2149 -2151 -2150 -2149 -2148 -2145 -2143 -2139 -2134 -2129 -2124 -2120 -2116 -2113 -2111 -2110 -2110 -2112 -2114 -2118 -2124 -2131 -2140 -2150 -2160 -2171 -2177 -2185 -2193 -2200 -2208 -2215 -2219 -2221 -2223 -2221 -2218 -2216 -2215 -2215 -2215 -2216 -2217 -2219 -2221 -2222 -2224 -2226 -2227 -2228 -2228 -2228 -2227 -2226 -2224 -2223 -2221
-2259 -2259 -2253 -2249 -2239 -2231 -2218 -2207 -2193 -2181 -2168 -2158 -2151 -2144 -2141 -2140 -2141 -2143 -2146 -2147 -2149 -2150 -2151 -2149 -2148 -2146 -2143 -2140 -2136 -2132 -2128 -2123 -2120 -2117 -2116 -2114 -2114 -2114 -2117 -2120 -2124 -2131 -2138 -2147 -2156 -2166 -2176 -2181 -2190 -2197 -2205 -2212 -2219 -2220 -2222 -2224 -2222 -2220 -2219 -2218 -2218 -2219 -2220 -2222 -2224 -2226 -2228 -2229 -2230 -2232 -2231 -2230 -2229 -2228 -2226 -2224 -2223 -2221
-2251 -2250 -2246 -2241 -2233 -2225 -2214 -2203 -2192 -2180 -2169 -2161 -2154 -2149 -2144 -2143 -2143 -2144 -2145 -2147 -2148 -2148 -2148 -2148 -2146 -2143 -2141 -2138 -2134 -2130 -2127 -2123 -2121 -2120 -2119 -2119 -2120 -2121 -2124 -2128 -2132 -2139 -2147 -2155 -2164 -2173 -2182 -2189 -2196 -2201 -2207 -2213 -2218 -2220 -2222 -2223 -2222 -2221 -2220 -2220 -2221 -2223 -2224 -2226 -2228 -2230 -2231 -2232 -2233 -2233 -2232 -2231 -2229 -2227 -2225 -2223 -2222 -2220
-2242 -2241 -2237 -2233 -2226 -2219 -2209 -2199 -2188 -2178 -2169 -2161 -2155 -2149 -2145 -2144 -2144 -2145 -2145 -2146 -2146 -2146 -2145 -2145 -2143 -2141 -2138 -2136 -2132 -2129 -2126 -2123 -2122 -2122 -2122 -2123 -2125 -2127 -2131 -2135 -2140 -2147 -2155 -2163 -2171 -2180 -2189 -2195 -2200 -2205 -2210 -2215 -2219 -2221 -2221 -2222 -2221 -2221 -2221 -2222 -2224 -2226 -2228 -2230 -2232 -2233 -2234 -2235 -2235 -2235 -2233 -2231 -2228 -2226 -2223 -2221 -2220 -2218
-2232 -2231 -2227 -2226 -2219 -2213 -2203 -2195 -2184 -2176 -2167 -2160 -2154 -2148 -2145 -2143 -2143 -2143 -2145 -2145 -2145 -2145 -2145 -2143 -2141 -2139 -2137 -2134 -2131 -2129 -2125 -2123 -2123 -2124 -2126 -2127 -2130 -2133 -2137 -2142 -2148 -2155 -2163 -2170 -2177 -2186 -2195 -2200 -2204 -2207 -2211 -2216 -2221 -2222 -2221 -2221 -2221 -2220 -2222 -2224 -2226 -2228 -2230 -2233 -2235 -2237 -2237 -2238 -2237 -2237 -2234 -2231 -2228 -2224 -2221 -2218 -2217 -2216
-2217 -2216 -2213 -2212 -2206 -2201 -2193 -2186 -2178 -2171 -2164 -2158 -2151 -2147 -2143 -2141 -2140 -2141 -2143 -2144 -2144 -2143 -2143 -2141 -2139 -2138 -2136 -2132 -2130 -2128 -2126 -2125 -2126 -2127 -2130 -2133 -2136 -2140 -2145 -2150 -2156 -2163 -2171 -2177 -2183 -2191 -2198 -2203 -2206 -2208 -2210 -2214 -2219 -2218 -2218 -2219 -2219 -2219 -2221 -2224 -2226 -2229 -2231 -2234 -2236 -2238 -2238 -2238 -2237 -2236 -2233 -2229 -2225 -2220 -2217 -2214 -2212 -2211
-2199 -2197 -2195 -2194 -2191 -2188 -2182 -2177 -2172 -2166 -2160 -2155 -2150 -2145 -2141 -2139 -2136 -2137 -2140 -2141 -2140 -2140 -2140 -2139 -2137 -2136 -2134 -2131 -2129 -2128 -2127 -2127 -2128 -2131 -2134 -2138 -2143 -2148 -2152 -2157 -2164 -2170 -2176 -2182 -2188 -2193 -2198 -2202 -2205 -2206 -2208 -2211 -2213 -2214 -2215 -2216 -2217 -2218 -2220 -2223 -2225 -2228 -2230 -2233 -2235 -2236 -2236 -2236 -2234 -2232 -2229 -2224 -2220 -2215 -2211 -2208 -2206 -2206
-2180 -2178 -2177 -2177 -2176 -2174 -2171 -2168 -2164 -2161 -2156 -2153 -2149 -2145 -2140 -2135 -2131 -2133 -2136 -2137 -2136 -2137 -2137 -2136 -2135 -2134 -2132 -2129 -2128 -2127 -2127 -2128 -2131 -2134 -2138 -2143 -2148 -2154 -2159 -2164 -2171 -2176 -2182 -2187 -2192 -2195 -2199 -2201 -2203 -2205 -2206 -2208 -2209 -2210 -2211 -2212 -2214 -2216 -2218 -2221 -2223 -2226 -2228 -2231 -2233 -2234 -2234 -2234 -2231 -2229 -2225 -2220 -2215 -2210 -2205 -2202 -2199 -2200
-2163 -2161 -2162 -2162 -2163 -2163 -2162 -2160 -2160 -2159 -2157 -2154 -2151 -2148 -2142 -2137 -2131 -2131 -2133 -2133 -2133 -2133 -2134 -2134 -2132 -2131 -2130 -2128 -2127 -2127 -2128 -2130 -2133 -2136 -2141 -2146 -2152 -2158 -2164 -2170 -2175 -2181 -2186 -2190 -2194 -2197 -2199 -2201 -2203 -2203 -2204 -2205 -2205 -2206 -2207 -2209 -2211 -2213 -2215 -2218 -2220 -2223 -2226 -2228 -2229 -2230 -2230 -2229 -2227 -2224 -2219 -2215 -2209 -2204 -2200 -2197 -2195 -2195
-2144 -2144 -2146 -2148 -2150 -2152 -2154 -2155 -2157 -2158 -2157 -2157 -2156 -2152 -2147 -2140 -2130 -2130 -2130 -2130 -2131 -2131 -2131 -2131 -2130 -2128 -2127 -2127 -2126 -2126 -2128 -2130 -2134 -2138 -2143 -2149 -2155 -2162 -2168 -2175 -2180 -2185 -2190 -2193 -2197 -2199 -2201 -2202 -2202 -2202 -2203 -2203 -2203 -2204 -2204 -2205 -2207 -2209 -2212 -2214 -2217 -2220 -2222 -2225 -2226 -2227 -2226 -2225 -2222 -2219 -2215 -2210 -2204 -2199 -2194 -2192 -2191 -2191
-2128 -2126 -2131 -2133 -2139 -2141 -2147 -2151 -2155 -2158 -2160 -2162 -2161 -2160 -2156 -2146 -2134 -2131 -2128 -2130 -2128 -2129 -2128 -2128 -2127 -2126 -2126 -2125 -2125 -2125 -2127 -2130 -2134 -2140 -2145 -2151 -2157 -2165 -2171 -2179 -2185 -2189 -2194 -2196 -2199 -2201 -2204 -2203 -2202 -2201 -2201 -2200 -2201 -2201 -2200 -2201 -2203 -2206 -2209 -2211 -2214 -2217 -2220 -2222 -2223 -2224 -2223 -2222 -2219 -2215 -2211 -2205 -2199 -2195 -2191 -2189 -2187 -2187
-2116 -2116 -2122 -2125 -2132 -2138 -2145 -2150 -2157 -2162 -2167 -2170 -2171 -2170 -2170 -2156 -2144 -2138 -2134 -2132 -2130 -2129 -2128 -2128 -2128 -2126 -2126 -2125 -2126 -2126 -2127 -2130 -2134 -2139 -2145 -2151 -2158 -2165 -2172 -2179 -2185 -2190 -2195 -2196 -2199 -2201 -2203 -2201 -2200 -2199 -2197 -2196 -2195 -2195 -2196 -2196 -2200 -2203 -2205 -2207 -2211 -2214 -2216 -2219 -2219 -2219 -2219 -2218 -2215 -2211 -2207 -2202 -2196 -2192 -2188 -2186 -2184 -2185
-2111 -2113 -2119 -2125 -2132 -2139 -2146 -2154 -2162 -2168 -2174 -2176 -2178 -2176 -2172 -2162 -2152 -2145 -2140 -2136 -2133 -2132 -2130 -2130 -2129 -2127 -2127 -2126 -2126 -2127 -2129 -2131 -2134 -2138 -2144 -2150 -2157 -2164 -2170 -2177 -2183 -2187 -2191 -2194 -2196 -2198 -2200 -2198 -2197 -2196 -2194 -2193 -2191 -2189 -2192 -2194 -2198 -2201 -2203 -2206 -2209 -2211 -2213 -2215 -2216 -2216 -2215 -2214 -2211 -2208 -2204 -2199 -2193 -2189 -2186 -2185 -2184 -2184
-2109 -2112 -2119 -2124 -2134 -2142 -2150 -2159 -2167 -2176 -2181 -2184 -2186 -2181 -2177 -2167 -2158 -2150 -2144 -2141 -2137 -2135 -2133 -2132 -2130 -2129 -2128 -2127 -2127 -2128 -2129 -2131 -2134 -2138 -2143 -2149 -2155 -2162 -2168 -2175 -2181 -2185 -2188 -2191 -2193 -2195 -2195 -2195 -2194 -2193 -2192 -2190 -2188 -2189 -2191 -2193 -2196 -2199 -2202 -2205 -2207 -2209 -2211 -2213 -2213 -2213 -2212 -2210 -2208 -2206 -2201 -2196 -2191 -2187 -2184 -2183 -2182 -2183
-2112 -2117 -2124 -2130 -2139 -2149 -2158 -2165 -2174 -2182 -2187 -2190 -2190 -2185 -2179 -2170 -2162 -2155 -2149 -2144 -2140 -2138 -2136 -2134 -2132 -2131 -2130 -2129 -2129 -2129 -2130 -2132 -2135 -2138 -2143 -2147 -2153 -2159 -2165 -2171 -2177 -2181 -2185 -2187 -2188 -2188 -2191 -2192 -2192 -2191 -2191 -2190 -2190 -2191 -2193 -2195 -2197 -2200 -2202 -2205 -2207 -2208 -2210 -2211 -2211 -2211 -2209 -2207 -2205 -2202 -2197 -2193 -2189 -2186 -2183 -2182 -2182 -2182
-2117 -2121 -2129 -2136 -2146 -2156 -2166 -2174 -2182 -2188 -2194 -2195 -2193 -2188 -2181 -2173 -2166 -2159 -2152 -2147 -2144 -2140 -2138 -2136 -2135 -2133 -2132 -2131 -2132 -2130 -2131 -2133 -2135 -2137 -2141 -2146 -2150 -2156 -2162 -2167 -2173 -2178 -2181 -2184 -2186 -2187 -2188 -2190 -2190 -2190 -2190 -2190 -2191 -2193 -2195 -2197 -2199 -2201 -2203 -2205 -2207 -2208 -2209 -2210 -2210 -2209 -2207 -2204 -2201 -2198 -2194 -2190 -2186 -2183 -2181 -2180 -2180 -2181
-2121 -2125 -2135 -2142 -2153 -2164 -2173 -2182 -2189 -2196 -2202 -2200 -2198 -2191 -2184 -2176 -2168 -2161 -2155 -2150 -2146 -2143 -2141 -2140 -2138 -2136 -2135 -2134 -2133 -2132 -2132 -2133 -2134 -2136 -2139 -2143 -2148 -2153 -2158 -2164 -2170 -2175 -2179 -2183 -2186 -2188 -2188 -2188 -2189 -2189 -2190 -2190 -2191 -2194 -2198 -2200 -2201 -2202 -2204 -2206 -2207 -2208 -2209 -2209 -2209 -2208 -2205 -2202 -2199 -2195 -2191 -2187 -2183 -2181 -2179 -2178 -2178 -2179
-2131 -2137 -2145 -2154 -2164 -2174 -2183 -2190 -2198 -2204 -2205 -2203 -2199 -2192 -2186 -2178 -2170 -2164 -2158 -2153 -2149 -2147 -2145 -2143 -2141 -2138 -2137 -2136 -2135 -2134 -2135 -2134 -2135 -2136 -2139 -2142 -2147 -2150 -2156 -2161 -2167 -2172 -2176 -2181 -2186 -2186 -2186 -2188 -2189 -2189 -2190 -2191 -2193 -2197 -2202 -2205 -2204 -2204 -2206 -2207 -2208 -2209 -2209 -2209 -2208 -2206 -2204 -2201 -2196 -2192 -2188 -2184 -2180 -2178 -2176 -2176 -2176 -2177
-2145 -2151 -2159 -2166 -2175 -2183 -2189 -2195 -2201 -2204 -2205 -2203 -2199 -2194 -2187 -2181 -2173 -2167 -2162 -2156 -2153 -2150 -2148 -2146 -2144 -2142 -2140 -2140 -2138 -2137 -2137 -2137 -2138 -2138 -2140 -2143 -2147 -2150 -2155 -2160 -2165 -2169 -2174 -2179 -2183 -2184 -2185 -2186 -2188 -2189 -2191 -2193 -2195 -2200 -2205 -2206 -2205 -2205 -2206 -2208 -2208 -2209 -2209 -2208 -2207 -2205 -2202 -2199 -2195 -2190 -2186 -2181 -2178 -2175 -2174 -2174 -2174 -2175
-2159 -2165 -2172 -2180 -2185 -2192 -2196 -2200 -2204 -2206 -2206 -2203 -2201 -2195 -2189 -2182 -2175 -2170 -2164 -2160 -2157 -2153 -2150 -2149 -2147 -2145 -2144 -2143 -2142 -2140 -2140 -2140 -2140 -2140 -2141 -2143 -2147 -2150 -2154 -2159 -2164 -2167 -2172 -2176 -2179 -2181 -2183 -2185 -2187 -2189 -2192 -2194 -2196 -2200 -2204 -2205 -2205 -2205 -2207 -2207 -2208 -2208 -2208 -2208 -2207 -2205 -2202 -2198 -2193 -2188 -2183 -2179 -2175 -2173 -2171 -2171 -2171 -2173
-2172 -2178 -2185 -2192 -2196 -2201 -2202 -2205 -2205 -2208 -2207 -2206 -2202 -2197 -2192 -2185 -2178 -2173 -2166 -2163 -2159 -2156 -2153 -2152 -2150 -2148 -2148 -2147 -2145 -2143 -2142 -2141 -2142 -2142 -2142 -2144 -2147 -2149 -2154 -2158 -2163 -2166 -2170 -2174 -2178 -2180 -2182 -2185 -2187 -2190 -2192 -2195 -2197 -2198 -2200 -2204 -2203 -2204 -2205 -2207 -2207 -2208 -2208 -2208 -2207 -2205 -2201 -2197 -2191 -2186 -2180 -2176 -2171 -2169 -2167 -2167 -2168 -2170
-2185 -2191 -2197 -2201 -2204 -2207 -2206 -2206 -2205 -2206 -2208 -2205 -2203 -2199 -2193 -2186 -2180 -2174 -2170 -2165 -2161 -2158 -2156 -2156 -2153 -2152 -2151 -2150 -2148 -2147 -2146 -2144 -2144 -2144 -2144 -2146 -2149 -2152 -2155 -2159 -2164 -2167 -2170 -2174 -2177 -2180 -2182 -2185 -2188 -2191 -2194 -2196 -2197 -2198 -2198 -2200 -2200 -2201 -2202 -2204 -2205 -2206 -2207 -2207 -2206 -2204 -2200 -2195 -2190 -2184 -2178 -2173 -2169 -2166 -2164 -2164 -2165 -2167
-2196 -2202 -2206 -2211 -2212 -2212 -2209 -2207 -2204 -2206 -2208 -2206 -2204 -2199 -2195 -2189 -2182 -2177 -2172 -2169 -2166 -2163 -2160 -2158 -2157 -2155 -2154 -2153 -2152 -2150 -2149 -2148 -2147 -2146 -2148 -2148 -2152 -2155 -2159 -2161 -2165 -2168 -2171 -2174 -2178 -2180 -2182 -2185 -2189 -2192 -2196 -2197 -2198 -2198 -2200 -2198 -2196 -2196 -2199 -2202 -2203 -2205 -2206 -2207 -2205 -2203 -2199 -2194 -2188 -2182 -2176 -2171 -2166 -2163 -2160 -2161 -2161 -2164
-2202 -2208 -2211 -2216 -2214 -2214 -2210 -2207 -2204 -2205 -2207 -2205 -2203 -2199 -2194 -2189 -2182 -2178 -2174 -2170 -2168 -2165 -2163 -2161 -2161 -2159 -2158 -2157 -2155 -2154 -2152 -2151 -2151 -2150 -2152 -2153 -2156 -2159 -2162 -2164 -2167 -2168 -2171 -2173 -2176 -2178 -2181 -2184 -2189 -2193 -2199 -2199 -2197 -2194 -2191 -2190 -2191 -2191 -2194 -2198 -2200 -2203 -2203 -2204 -2203 -2201 -2197 -2192 -2186 -2180 -2174 -2169 -2163 -2161 -2158 -2158 -2159 -2161
-2206 -2210 -2212 -2214 -2213 -2212 -2209 -2208 -2204 -2202 -2202 -2201 -2199 -2195 -2191 -2187 -2182 -2177 -2173 -2171 -2168 -2166 -2165 -2164 -2163 -2162 -2161 -2160 -2159 -2157 -2157 -2155 -2155 -2155 -2156 -2157 -2159 -2162 -2165 -2166 -2168 -2168 -2170 -2171 -2174 -2176 -2179 -2182 -2186 -2190 -2195 -2197 -2193 -2189 -2185 -2185 -2186 -2187 -2190 -2193 -2196 -2198 -2200 -2200 -2199 -2197 -2194 -2190 -2184 -2178 -2173 -2167 -2163 -2160 -2157 -2157 -2157 -2159
-2208 -2211 -2212 -2213 -2212 -2210 -2208 -2206 -2202 -2200 -2199 -2197 -2195 -2191 -2188 -2185 -2180 -2176 -2174 -2171 -2170 -2168 -2168 -2166 -2165 -2164 -2164 -2162 -2162 -2161 -2160 -2159 -2159 -2160 -2160 -2161 -2163 -2166 -2168 -2168 -2169 -2168 -2168 -2168 -2167 -2171 -2176 -2180 -2183 -2185 -2189 -2190 -2187 -2183 -2179 -2180 -2181 -2182 -2185 -2189 -2192 -2195 -2196 -2197 -2196 -2194 -2191 -2187 -2183 -2177 -2171 -2166 -2162 -2158 -2156 -2155 -2155 -2156
-2208 -2211 -2211 -2212 -2208 -2206 -2203 -2201 -2198 -2195 -2195 -2194 -2191 -2188 -2185 -2181 -2179 -2176 -2174 -2172 -2170 -2170 -2168 -2168 -2168 -2167 -2166 -2166 -2164 -2164 -2163 -2163 -2162 -2162 -2164 -2165 -2167 -2169 -2170 -2171 -2171 -2170 -2167 -2166 -2165 -2168 -2173 -2177 -2181 -2183 -2186 -2185 -2182 -2180 -2178 -2177 -2177 -2177 -2180 -2184 -2188 -2191 -2193 -2194 -2194 -2192 -2189 -2186 -2181 -2176 -2170 -2165 -2160 -2157 -2153 -2153 -2152 -2153
-2206 -2207 -2206 -2204 -2201 -2197 -2194 -2192 -2190 -2189 -2188 -2187 -2186 -2183 -2180 -2179 -2176 -2175 -2174 -2171 -2171 -2170 -2169 -2168 -2168 -2168 -2167 -2167 -2166 -2165 -2164 -2164 -2165 -2165 -2167 -2169 -2169 -2171 -2171 -2172 -2171 -2168 -2166 -2165 -2163 -2165 -2172 -2175 -2177 -2178 -2179 -2179 -2178 -2177 -2176 -2175 -2174 -2174 -2177 -2180 -2184 -2187 -2189 -2191 -2191 -2190 -2187 -2184 -2180 -2175 -2170 -2165 -2160 -2157 -2153 -2152 -2150 -2150
