work/Ray/GEBCO2014_-45.0_-26.0_-42.0_-24.0_30Sec_ESRIASCII.asc
ncols        360
nrows        240
xllcorner    -45.000000000000
yllcorner    -26.000000000000
cellsize     0.008333333333
NODATA_value -32768
[rows 175 to 209 of 240, columns 0 to 77 of 360]
-439 -478 -524 -571 -619 -667 -715 -764 -810 -856 -904 -951 -1000 -1049 -1100 -1141 -1178 -1217 -1256 -1294 -1332 -1365 -1395 -1408 -1420 -1443 -1465 -1479 -1494 -1516 -1541 -1568 -1588 -1609 -1635 -1662 -1693 -1720 -1732 -1741 -1750 -1761 -1769 -1777 -1778 -1779 -1779 -1781 -1782 -1786 -1789 -1801 -1813 -1825 -1832 -1833 -1831 -1832 -1835 -1836 -1842 -1848 -1857 -1869 -1881 -1892 -1898 -1900 -1906 -1916 -1930 -1936 -1933 -1942 -1962 -1976 -1987 -1994
-472 -514 -559 -606 -653 -700 -745 -792 -836 -881 -927 -975 -1022 -1071 -1120 -1165 -1201 -1238 -1277 -1312 -1351 -1382 -1415 -1425 -1437 -1468 -1499 -1497 -1509 -1528 -1545 -1570 -1592 -1613 -1638 -1666 -1694 -1721 -1740 -1752 -1759 -1771 -1779 -1786 -1787 -1788 -1789 -1789 -1789 -1792 -1796 -1806 -1816 -1831 -1842 -1849 -1848 -1844 -1847 -1849 -1851 -1850 -1857 -1864 -1874 -1887 -1900 -1912 -1919 -1930 -1941 -1949 -1950 -1956 -1973 -1990 -2002 -2005
-507 -549 -594 -640 -686 -731 -777 -820 -864 -907 -952 -997 -1045 -1092 -1140 -1183 -1221 -1257 -1293 -1327 -1360 -1391 -1418 -1437 -1455 -1486 -1521 -1506 -1523 -1544 -1564 -1584 -1603 -1622 -1643 -1671 -1697 -1720 -1737 -1751 -1764 -1777 -1787 -1793 -1795 -1797 -1797 -1797 -1798 -1799 -1804 -1812 -1822 -1834 -1846 -1858 -1864 -1864 -1861 -1862 -1863 -1859 -1865 -1865 -1868 -1875 -1889 -1908 -1928 -1950 -1958 -1960 -1963 -1972 -1988 -2000 -2008 -2016
-541 -585 -631 -675 -720 -764 -808 -849 -891 -933 -976 -1020 -1066 -1114 -1163 -1203 -1240 -1276 -1310 -1341 -1371 -1397 -1423 -1442 -1462 -1487 -1515 -1522 -1540 -1560 -1583 -1603 -1617 -1632 -1649 -1673 -1695 -1718 -1732 -1745 -1763 -1784 -1796 -1801 -1805 -1805 -1805 -1805 -1805 -1806 -1810 -1817 -1825 -1836 -1847 -1858 -1871 -1877 -1876 -1876 -1876 -1874 -1872 -1867 -1872 -1881 -1892 -1905 -1924 -1948 -1967 -1973 -1972 -1984 -2004 -2015 -2021 -2028
-573 -620 -665 -711 -755 -799 -840 -879 -919 -959 -1000 -1041 -1085 -1130 -1177 -1222 -1259 -1295 -1330 -1356 -1381 -1402 -1426 -1444 -1461 -1483 -1510 -1531 -1552 -1573 -1596 -1618 -1633 -1646 -1655 -1673 -1696 -1717 -1728 -1741 -1760 -1784 -1801 -1810 -1815 -1815 -1814 -1813 -1810 -1813 -1815 -1821 -1827 -1837 -1846 -1858 -1868 -1877 -1883 -1889 -1889 -1885 -1882 -1886 -1897 -1899 -1906 -1913 -1917 -1926 -1952 -1972 -1982 -2003 -2021 -2034 -2042 -2044
-607 -654 -700 -746 -788 -831 -873 -911 -951 -988 -1027 -1065 -1107 -1149 -1192 -1235 -1275 -1313 -1348 -1369 -1388 -1406 -1428 -1446 -1456 -1481 -1509 -1536 -1561 -1586 -1608 -1629 -1647 -1660 -1666 -1675 -1691 -1706 -1720 -1739 -1758 -1779 -1799 -1816 -1825 -1825 -1823 -1821 -1819 -1820 -1823 -1826 -1833 -1841 -1849 -1859 -1869 -1878 -1886 -1895 -1900 -1897 -1896 -1901 -1902 -1900 -1905 -1903 -1906 -1909 -1924 -1947 -1972 -2001 -2034 -2055 -2064 -2066
-640 -690 -735 -782 -823 -865 -906 -944 -981 -1018 -1054 -1089 -1130 -1169 -1208 -1249 -1291 -1332 -1371 -1382 -1395 -1410 -1433 -1455 -1458 -1484 -1512 -1543 -1572 -1597 -1620 -1644 -1660 -1675 -1682 -1687 -1693 -1704 -1717 -1736 -1756 -1773 -1792 -1815 -1831 -1834 -1832 -1829 -1827 -1829 -1830 -1833 -1837 -1846 -1852 -1861 -1870 -1880 -1888 -1897 -1905 -1905 -1907 -1910 -1905 -1901 -1895 -1887 -1891 -1894 -1910 -1931 -1949 -1973 -2016 -2052 -2077 -2089
-672 -721 -768 -815 -858 -901 -940 -978 -1014 -1050 -1084 -1118 -1155 -1191 -1229 -1266 -1306 -1342 -1378 -1387 -1395 -1414 -1435 -1456 -1470 -1497 -1526 -1556 -1585 -1609 -1633 -1655 -1672 -1688 -1695 -1697 -1699 -1708 -1720 -1737 -1757 -1774 -1789 -1808 -1827 -1838 -1839 -1838 -1837 -1838 -1839 -1842 -1844 -1853 -1859 -1867 -1876 -1884 -1891 -1899 -1906 -1911 -1915 -1919 -1915 -1906 -1899 -1891 -1892 -1890 -1903 -1930 -1944 -1947 -1979 -2023 -2064 -2087
-700 -749 -797 -845 -890 -932 -971 -1010 -1045 -1080 -1114 -1146 -1180 -1214 -1249 -1282 -1315 -1345 -1371 -1385 -1398 -1418 -1442 -1465 -1487 -1514 -1541 -1570 -1597 -1622 -1643 -1664 -1682 -1695 -1702 -1704 -1706 -1717 -1729 -1741 -1756 -1773 -1792 -1806 -1821 -1838 -1847 -1849 -1850 -1851 -1851 -1854 -1856 -1862 -1868 -1875 -1882 -1889 -1897 -1903 -1910 -1916 -1922 -1927 -1927 -1919 -1912 -1905 -1902 -1897 -1903 -1934 -1957 -1957 -1974 -2012 -2047 -2066
-728 -777 -827 -876 -922 -965 -1004 -1042 -1075 -1110 -1142 -1174 -1203 -1234 -1269 -1295 -1326 -1349 -1369 -1384 -1403 -1427 -1453 -1479 -1504 -1530 -1558 -1584 -1611 -1634 -1657 -1678 -1694 -1707 -1714 -1716 -1716 -1724 -1735 -1748 -1761 -1777 -1794 -1809 -1821 -1838 -1853 -1862 -1863 -1864 -1864 -1865 -1867 -1871 -1876 -1883 -1889 -1895 -1903 -1910 -1916 -1922 -1928 -1932 -1935 -1933 -1930 -1924 -1919 -1917 -1919 -1935 -1957 -1973 -1986 -2009 -2033 -2048
-755 -804 -857 -908 -954 -998 -1035 -1074 -1105 -1139 -1170 -1202 -1227 -1250 -1277 -1303 -1337 -1355 -1370 -1390 -1413 -1441 -1466 -1495 -1520 -1547 -1574 -1600 -1626 -1648 -1671 -1693 -1709 -1722 -1729 -1734 -1735 -1740 -1745 -1754 -1767 -1779 -1792 -1808 -1823 -1840 -1854 -1870 -1876 -1878 -1876 -1877 -1878 -1882 -1886 -1891 -1896 -1902 -1909 -1916 -1923 -1928 -1935 -1939 -1943 -1945 -1944 -1941 -1938 -1934 -1933 -1933 -1948 -1974 -1990 -2005 -2022 -2036
-780 -830 -880 -932 -979 -1021 -1058 -1094 -1127 -1162 -1194 -1225 -1254 -1279 -1304 -1324 -1347 -1372 -1382 -1400 -1431 -1461 -1487 -1514 -1540 -1564 -1589 -1613 -1637 -1660 -1682 -1706 -1723 -1736 -1744 -1751 -1755 -1761 -1762 -1764 -1772 -1782 -1793 -1807 -1824 -1841 -1854 -1868 -1882 -1889 -1892 -1892 -1893 -1895 -1897 -1902 -1906 -1911 -1917 -1924 -1930 -1936 -1942 -1948 -1953 -1956 -1956 -1956 -1955 -1949 -1946 -1951 -1964 -1978 -1995 -2007 -2020 -2031
-804 -853 -902 -954 -1000 -1039 -1075 -1111 -1144 -1180 -1211 -1238 -1269 -1297 -1324 -1345 -1380 -1396 -1406 -1426 -1455 -1484 -1510 -1535 -1559 -1581 -1602 -1624 -1647 -1668 -1692 -1721 -1740 -1752 -1760 -1768 -1773 -1779 -1782 -1784 -1787 -1791 -1800 -1811 -1821 -1842 -1852 -1868 -1881 -1894 -1905 -1909 -1906 -1908 -1909 -1912 -1915 -1921 -1925 -1931 -1937 -1943 -1951 -1957 -1962 -1968 -1969 -1969 -1969 -1965 -1965 -1971 -1979 -1988 -1998 -2003 -2010 -2020
-835 -885 -933 -979 -1023 -1060 -1094 -1125 -1157 -1187 -1219 -1246 -1273 -1298 -1323 -1351 -1380 -1405 -1429 -1453 -1475 -1499 -1522 -1544 -1569 -1591 -1611 -1632 -1652 -1671 -1697 -1732 -1758 -1767 -1773 -1781 -1791 -1799 -1805 -1808 -1811 -1811 -1812 -1820 -1828 -1842 -1852 -1869 -1884 -1896 -1911 -1921 -1922 -1924 -1925 -1925 -1926 -1930 -1934 -1939 -1944 -1950 -1957 -1965 -1971 -1978 -1981 -1984 -1984 -1985 -1985 -1989 -1989 -1989 -1993 -1996 -1998 -2016
-871 -922 -972 -1022 -1057 -1085 -1117 -1148 -1177 -1203 -1231 -1259 -1284 -1309 -1326 -1359 -1374 -1406 -1435 -1457 -1480 -1504 -1526 -1547 -1570 -1592 -1615 -1634 -1652 -1670 -1695 -1737 -1768 -1775 -1781 -1791 -1805 -1819 -1827 -1831 -1835 -1831 -1830 -1835 -1840 -1847 -1858 -1872 -1884 -1898 -1910 -1922 -1932 -1939 -1939 -1938 -1938 -1940 -1942 -1945 -1950 -1957 -1964 -1973 -1981 -1987 -1993 -1998 -2000 -2002 -2002 -2004 -1999 -1995 -2000 -2015 -2035 -2051
-911 -963 -1014 -1066 -1095 -1117 -1145 -1175 -1201 -1223 -1247 -1271 -1296 -1319 -1344 -1370 -1381 -1410 -1435 -1459 -1484 -1511 -1533 -1555 -1577 -1596 -1617 -1634 -1652 -1670 -1693 -1735 -1766 -1772 -1779 -1793 -1809 -1826 -1841 -1850 -1857 -1857 -1865 -1863 -1855 -1858 -1867 -1876 -1886 -1900 -1914 -1923 -1932 -1947 -1954 -1952 -1950 -1950 -1951 -1951 -1954 -1962 -1970 -1979 -1988 -1998 -2004 -2010 -2010 -2013 -2014 -2016 -2013 -2013 -2017 -2027 -2039 -2036
-950 -1003 -1050 -1094 -1125 -1151 -1176 -1203 -1229 -1254 -1273 -1297 -1316 -1336 -1361 -1379 -1393 -1419 -1444 -1467 -1491 -1516 -1540 -1564 -1588 -1604 -1627 -1639 -1657 -1675 -1694 -1731 -1764 -1770 -1778 -1790 -1805 -1823 -1840 -1855 -1868 -1878 -1892 -1893 -1883 -1879 -1881 -1886 -1891 -1903 -1916 -1923 -1928 -1946 -1961 -1965 -1963 -1960 -1956 -1954 -1955 -1962 -1972 -1984 -1993 -2003 -2011 -2016 -2018 -2020 -2021 -2022 -2023 -2027 -2026 -2023 -2021 -2017
-988 -1042 -1086 -1128 -1155 -1184 -1203 -1225 -1254 -1289 -1306 -1326 -1340 -1359 -1377 -1387 -1406 -1433 -1459 -1483 -1505 -1527 -1550 -1573 -1598 -1617 -1637 -1653 -1668 -1681 -1699 -1727 -1772 -1783 -1787 -1793 -1803 -1818 -1835 -1850 -1865 -1877 -1890 -1899 -1904 -1904 -1902 -1902 -1904 -1908 -1917 -1923 -1929 -1944 -1965 -1977 -1976 -1968 -1959 -1952 -1952 -1960 -1972 -1986 -1997 -2009 -2016 -2022 -2023 -2025 -2026 -2027 -2029 -2032 -2033 -2035 -2037 -2032
-1024 -1073 -1115 -1153 -1179 -1203 -1223 -1243 -1269 -1299 -1322 -1342 -1359 -1378 -1394 -1409 -1429 -1450 -1474 -1500 -1524 -1546 -1567 -1588 -1609 -1628 -1648 -1669 -1686 -1699 -1715 -1740 -1771 -1789 -1799 -1805 -1802 -1819 -1836 -1847 -1861 -1876 -1889 -1898 -1908 -1917 -1920 -1919 -1918 -1917 -1923 -1928 -1931 -1950 -1969 -1979 -1978 -1974 -1963 -1945 -1941 -1954 -1972 -1987 -1999 -2009 -2015 -2022 -2024 -2026 -2026 -2029 -2031 -2034 -2038 -2042 -2045 -2043
-1061 -1110 -1149 -1183 -1202 -1221 -1243 -1259 -1286 -1313 -1336 -1356 -1373 -1396 -1411 -1425 -1444 -1466 -1490 -1515 -1540 -1563 -1584 -1605 -1627 -1645 -1662 -1683 -1702 -1717 -1734 -1758 -1784 -1801 -1809 -1811 -1812 -1826 -1840 -1851 -1865 -1878 -1893 -1899 -1908 -1918 -1925 -1928 -1930 -1928 -1930 -1930 -1933 -1953 -1966 -1966 -1960 -1952 -1939 -1930 -1933 -1953 -1975 -1989 -2000 -2009 -2016 -2022 -2023 -2024 -2026 -2029 -2033 -2036 -2039 -2043 -2048 -2049
-1099 -1150 -1186 -1218 -1227 -1238 -1267 -1279 -1306 -1332 -1354 -1372 -1389 -1410 -1426 -1437 -1457 -1481 -1504 -1529 -1553 -1576 -1598 -1620 -1645 -1663 -1678 -1695 -1716 -1734 -1753 -1778 -1800 -1812 -1815 -1817 -1821 -1835 -1850 -1863 -1874 -1882 -1895 -1906 -1915 -1923 -1931 -1934 -1939 -1939 -1940 -1937 -1938 -1956 -1957 -1953 -1948 -1933 -1921 -1922 -1933 -1951 -1970 -1984 -1995 -2005 -2010 -2016 -2018 -2021 -2024 -2028 -2037 -2041 -2041 -2044 -2050 -2053
-1130 -1180 -1212 -1246 -1246 -1253 -1278 -1298 -1328 -1358 -1374 -1390 -1409 -1426 -1445 -1459 -1479 -1500 -1522 -1545 -1567 -1589 -1612 -1633 -1653 -1672 -1690 -1708 -1727 -1746 -1767 -1792 -1810 -1821 -1827 -1828 -1831 -1845 -1860 -1875 -1887 -1896 -1905 -1916 -1926 -1934 -1939 -1940 -1944 -1946 -1944 -1941 -1940 -1956 -1954 -1950 -1949 -1941 -1931 -1927 -1931 -1941 -1961 -1973 -1985 -1997 -2002 -2005 -2009 -2014 -2018 -2023 -2031 -2035 -2036 -2043 -2052 -2056
-1152 -1193 -1222 -1246 -1256 -1270 -1294 -1319 -1346 -1373 -1389 -1403 -1429 -1459 -1470 -1483 -1501 -1519 -1540 -1561 -1582 -1603 -1623 -1643 -1663 -1681 -1700 -1717 -1735 -1755 -1775 -1795 -1812 -1827 -1838 -1841 -1846 -1858 -1872 -1888 -1904 -1914 -1920 -1929 -1938 -1945 -1947 -1948 -1953 -1956 -1954 -1948 -1945 -1951 -1950 -1948 -1950 -1948 -1939 -1934 -1932 -1940 -1959 -1968 -1978 -1990 -1995 -1999 -2002 -2006 -2008 -2012 -2016 -2022 -2029 -2036 -2047 -2052
-1172 -1211 -1231 -1251 -1267 -1284 -1311 -1338 -1364 -1390 -1400 -1411 -1438 -1464 -1484 -1503 -1520 -1539 -1557 -1577 -1598 -1616 -1636 -1654 -1673 -1690 -1708 -1725 -1743 -1761 -1780 -1799 -1816 -1832 -1843 -1853 -1861 -1874 -1888 -1904 -1919 -1930 -1935 -1944 -1950 -1956 -1959 -1958 -1963 -1968 -1962 -1954 -1951 -1953 -1952 -1955 -1952 -1952 -1949 -1947 -1943 -1944 -1961 -1967 -1971 -1982 -1989 -1996 -1995 -1996 -1997 -2001 -2006 -2012 -2020 -2027 -2037 -2041
-1188 -1224 -1238 -1259 -1281 -1303 -1329 -1355 -1378 -1397 -1409 -1429 -1455 -1481 -1501 -1519 -1537 -1556 -1575 -1592 -1611 -1630 -1648 -1665 -1682 -1699 -1715 -1732 -1750 -1767 -1784 -1802 -1819 -1834 -1849 -1861 -1872 -1886 -1900 -1914 -1927 -1937 -1944 -1951 -1958 -1963 -1967 -1966 -1970 -1974 -1968 -1961 -1959 -1958 -1954 -1953 -1951 -1959 -1959 -1959 -1956 -1960 -1966 -1965 -1971 -1979 -1987 -1989 -1989 -1989 -1990 -1993 -2002 -2008 -2014 -2020 -2027 -2031
-1194 -1218 -1243 -1269 -1296 -1322 -1349 -1374 -1393 -1409 -1424 -1445 -1469 -1496 -1516 -1535 -1554 -1572 -1590 -1608 -1626 -1642 -1659 -1676 -1692 -1707 -1723 -1739 -1755 -1771 -1788 -1805 -1822 -1839 -1854 -1869 -1882 -1896 -1910 -1923 -1935 -1945 -1953 -1959 -1964 -1969 -1971 -1972 -1974 -1975 -1972 -1969 -1967 -1964 -1957 -1953 -1957 -1961 -1958 -1963 -1968 -1975 -1979 -1972 -1973 -1982 -1988 -1990 -1989 -1989 -1992 -2000 -2007 -2014 -2012 -2017 -2023 -2032
-1205 -1223 -1251 -1279 -1311 -1341 -1369 -1395 -1407 -1418 -1437 -1458 -1486 -1511 -1532 -1552 -1570 -1588 -1605 -1622 -1639 -1656 -1671 -1687 -1701 -1715 -1729 -1745 -1759 -1777 -1793 -1809 -1827 -1844 -1861 -1877 -1891 -1906 -1920 -1934 -1944 -1955 -1961 -1966 -1970 -1974 -1976 -1977 -1979 -1978 -1977 -1975 -1973 -1970 -1963 -1959 -1962 -1963 -1962 -1967 -1972 -1981 -1993 -1992 -1987 -1990 -1992 -1993 -1991 -1993 -2004 -2007 -2009 -2018 -2019 -2021 -2029 -2034
-1211 -1226 -1262 -1295 -1330 -1361 -1385 -1409 -1421 -1427 -1450 -1473 -1502 -1528 -1546 -1564 -1584 -1603 -1620 -1636 -1652 -1668 -1684 -1697 -1711 -1725 -1737 -1752 -1766 -1781 -1797 -1814 -1831 -1848 -1865 -1883 -1898 -1913 -1927 -1941 -1950 -1960 -1967 -1973 -1974 -1976 -1980 -1981 -1982 -1981 -1980 -1978 -1977 -1974 -1970 -1965 -1964 -1964 -1964 -1966 -1970 -1980 -1996 -2006 -2009 -2017 -2012 -2002 -2002 -2005 -2012 -2006 -2003 -2011 -2018 -2019 -2022 -2031
-1225 -1249 -1283 -1318 -1351 -1380 -1398 -1411 -1428 -1443 -1466 -1492 -1520 -1548 -1563 -1579 -1597 -1616 -1634 -1649 -1665 -1681 -1695 -1709 -1721 -1734 -1747 -1761 -1773 -1788 -1804 -1820 -1837 -1854 -1872 -1888 -1904 -1918 -1932 -1944 -1955 -1962 -1968 -1974 -1977 -1979 -1983 -1984 -1984 -1985 -1984 -1982 -1981 -1978 -1974 -1969 -1967 -1967 -1968 -1971 -1973 -1978 -1992 -1999 -2011 -2032 -2039 -2035 -2028 -2024 -2023 -2014 -2011 -2015 -2022 -2026 -2028 -2039
-1243 -1270 -1306 -1343 -1375 -1405 -1413 -1423 -1440 -1456 -1483 -1510 -1534 -1550 -1572 -1591 -1612 -1629 -1647 -1663 -1679 -1693 -1707 -1720 -1732 -1745 -1757 -1770 -1782 -1797 -1812 -1826 -1843 -1861 -1877 -1894 -1909 -1924 -1937 -1949 -1958 -1966 -1972 -1977 -1980 -1983 -1985 -1986 -1987 -1988 -1988 -1987 -1985 -1983 -1980 -1978 -1976 -1976 -1976 -1976 -1976 -1979 -1991 -1997 -2005 -2023 -2041 -2053 -2050 -2040 -2036 -2032 -2032 -2034 -2040 -2044 -2050 -2056
-1263 -1295 -1329 -1362 -1393 -1420 -1430 -1441 -1458 -1477 -1502 -1529 -1556 -1567 -1586 -1605 -1624 -1643 -1659 -1676 -1691 -1705 -1719 -1731 -1744 -1756 -1768 -1779 -1791 -1805 -1819 -1834 -1851 -1867 -1884 -1899 -1914 -1928 -1941 -1953 -1961 -1968 -1974 -1980 -1984 -1986 -1987 -1989 -1990 -1992 -1992 -1990 -1990 -1988 -1986 -1985 -1986 -1987 -1984 -1981 -1983 -1986 -1993 -2002 -2004 -2016 -2029 -2045 -2052 -2052 -2053 -2053 -2052 -2053 -2055 -2057 -2062 -2064
-1284 -1318 -1351 -1382 -1410 -1436 -1445 -1456 -1475 -1496 -1520 -1544 -1568 -1584 -1602 -1621 -1638 -1655 -1673 -1688 -1704 -1717 -1731 -1743 -1755 -1766 -1779 -1790 -1802 -1815 -1829 -1843 -1859 -1874 -1890 -1906 -1921 -1934 -1945 -1956 -1965 -1972 -1978 -1982 -1985 -1988 -1991 -1992 -1994 -1995 -1995 -1996 -1994 -1993 -1990 -1989 -1990 -1992 -1993 -1992 -1989 -1990 -1996 -1999 -2000 -2010 -2022 -2036 -2046 -2055 -2066 -2072 -2072 -2069 -2069 -2069 -2071 -2071
-1306 -1342 -1374 -1404 -1424 -1443 -1456 -1467 -1490 -1514 -1536 -1559 -1583 -1601 -1617 -1634 -1652 -1668 -1686 -1701 -1716 -1730 -1743 -1754 -1767 -1778 -1789 -1801 -1812 -1826 -1839 -1852 -1866 -1881 -1898 -1914 -1927 -1939 -1951 -1962 -1970 -1977 -1981 -1986 -1990 -1993 -1994 -1997 -1998 -2000 -2001 -2002 -2001 -1998 -1994 -1990 -1989 -1995 -1999 -1999 -1994 -1992 -1997 -1998 -2000 -2008 -2020 -2034 -2041 -2050 -2071 -2086 -2089 -2085 -2084 -2082 -2080 -2078
-1328 -1368 -1398 -1425 -1439 -1454 -1470 -1487 -1508 -1531 -1551 -1573 -1595 -1616 -1631 -1647 -1663 -1679 -1695 -1710 -1726 -1740 -1754 -1765 -1777 -1789 -1801 -1811 -1823 -1836 -1849 -1862 -1876 -1890 -1907 -1921 -1934 -1947 -1957 -1966 -1975 -1981 -1987 -1991 -1994 -1998 -2001 -2004 -2005 -2007 -2008 -2010 -2011 -2008 -2004 -2000 -1998 -2003 -2006 -2005 -2003 -1998 -1998 -1998 -2001 -2009 -2018 -2026 -2036 -2046 -2066 -2091 -2105 -2105 -2100 -2095 -2090 -2085
-1347 -1387 -1416 -1440 -1454 -1468 -1485 -1503 -1523 -1544 -1564 -1584 -1605 -1624 -1639 -1655 -1671 -1686 -1701 -1717 -1731 -1745 -1758 -1772 -1784 -1796 -1809 -1821 -1833 -1846 -1859 -1874 -1887 -1901 -1915 -1929 -1942 -1954 -1963 -1972 -1980 -1987 -1993 -1997 -2002 -2006 -2009 -2011 -2013 -2014 -2016 -2018 -2018 -2016 -2015 -2013 -2013 -2015 -2016 -2016 -2013 -2009 -2006 -2003 -2006 -2013 -2016 -2019 -2030 -2039 -2057 -2083 -2106 -2115 -2112 -2104 -2097 -2091
